    0.25    80.00      1.000
    0.25    79.50      1.000
    0.25    79.00      1.000
    0.25    78.50      1.000
    0.25    78.00      1.000
    0.25    77.50      1.000
    0.25    77.00      1.000
    0.25    76.50      1.000
    0.25    76.00      1.000
    0.25    75.50      1.000
    0.75    80.00      1.000
    0.75    79.50      1.000
    0.75    79.00      1.000
    0.75    78.50      1.000
    0.75    78.00      1.000
    0.75    77.50      1.000
    0.75    77.00      1.000
    0.75    76.50      1.000
    0.75    76.00      1.000
    0.75    75.50      1.000
    1.25    80.00      1.000
    1.25    79.50      1.000
    1.25    79.00      1.000
    1.25    78.50      1.000
    1.25    78.00      1.000
    1.25    77.50      1.000
    1.25    77.00      1.000
    1.25    76.50      1.000
    1.25    76.00      1.000
    1.25    75.50      1.000
    1.75    80.00      1.000
    1.75    79.50      1.000
    1.75    79.00      1.000
    1.75    78.50      1.000
    1.75    78.00      1.000
    1.75    77.50      1.000
    1.75    77.00      1.000
    1.75    76.50      1.000
    1.75    76.00      1.000
    1.75    75.50      1.000
    2.25    80.00      1.000
    2.25    79.50      1.000
    2.25    79.00      1.000
    2.25    78.50      1.000
    2.25    78.00      1.000
    2.25    77.50      1.000
    2.25    77.00      1.000
    2.25    76.50      1.000
    2.25    76.00      1.000
    2.25    75.50      1.000
    2.75    80.00      1.000
    2.75    79.50      1.000
    2.75    79.00      1.000
    2.75    78.50      1.000
    2.75    78.00      1.000
    2.75    77.50      1.000
    2.75    77.00      1.000
    2.75    76.50      1.000
    2.75    76.00      1.000
    2.75    75.50      1.000
    3.25    80.00      1.000
    3.25    79.50      1.000
    3.25    79.00      1.000
    3.25    78.50      1.000
    3.25    78.00      1.000
    3.25    77.50      1.000
    3.25    77.00      1.000
    3.25    76.50      1.000
    3.25    76.00      1.000
    3.25    75.50      1.000
    3.75    80.00      1.000
    3.75    79.50      1.000
    3.75    79.00      1.000
    3.75    78.50      1.000
    3.75    78.00      1.000
    3.75    77.50      1.000
    3.75    77.00      1.000
    3.75    76.50      1.000
    3.75    76.00      1.000
    3.75    75.50      1.000
    4.25    80.00      1.000
    4.25    79.50      1.000
    4.25    79.00      1.000
    4.25    78.50      1.000
    4.25    78.00      1.000
    4.25    77.50      1.000
    4.25    77.00      1.000
    4.25    76.50      1.000
    4.25    76.00      1.000
    4.25    75.50      1.000
    4.75    80.00      1.000
    4.75    79.50      1.000
    4.75    79.00      1.000
    4.75    78.50      1.000
    4.75    78.00      1.000
    4.75    77.50      1.000
    4.75    77.00      1.000
    4.75    76.50      1.000
    4.75    76.00      1.000
    4.75    75.50      1.000
