# synthetic PREM-like elastic load Love numbers (DEMO ONLY)
#        l        h_load        k_load      (reserved)
        0  0.00000000e+00  0.00000000e+00  0.00000000e+00
        1 -2.69500000e-01  0.00000000e+00  0.00000000e+00
        2 -1.00000000e+00 -3.03000000e-01  0.00000000e+00
        3 -1.01967347e+00 -2.03106974e-01  0.00000000e+00
        4 -1.03160603e+00 -1.36146676e-01  0.00000000e+00
        5 -1.03884349e+00 -9.12618462e-02  0.00000000e+00
        6 -1.04323324e+00 -6.11746450e-02  0.00000000e+00
        7 -1.04589575e+00 -4.10065908e-02  0.00000000e+00
        8 -1.04751065e+00 -2.74875398e-02  0.00000000e+00
        9 -1.04849013e+00 -1.84254490e-02  0.00000000e+00
       10 -1.04908422e+00 -1.23509478e-02  0.00000000e+00
       11 -1.04944455e+00 -8.27908790e-03  0.00000000e+00
       12 -1.04966310e+00 -5.54963858e-03  0.00000000e+00
       13 -1.04979566e+00 -3.72003399e-03  0.00000000e+00
       14 -1.04987606e+00 -2.49361336e-03  0.00000000e+00
       15 -1.04992483e+00 -1.67151902e-03  0.00000000e+00
       16 -1.04995441e+00 -1.12045271e-03  0.00000000e+00
       17 -1.04997235e+00 -7.51061910e-04  0.00000000e+00
       18 -1.04998323e+00 -5.03451854e-04  0.00000000e+00
       19 -1.04998983e+00 -3.37473870e-04  0.00000000e+00
       20 -1.04999383e+00 -2.26215500e-04  0.00000000e+00
       21 -1.04999626e+00 -1.51636784e-04  0.00000000e+00
       22 -1.04999773e+00 -1.01645176e-04  0.00000000e+00
       23 -1.04999862e+00 -6.81347992e-05  0.00000000e+00
       24 -1.04999916e+00 -4.56721218e-05  0.00000000e+00
       25 -1.04999949e+00 -3.06149388e-05  0.00000000e+00
       26 -1.04999969e+00 -2.05218072e-05  0.00000000e+00
       27 -1.04999981e+00 -1.37561787e-05  0.00000000e+00
       28 -1.04999989e+00 -9.22104235e-06  0.00000000e+00
       29 -1.04999993e+00 -6.18104953e-06  0.00000000e+00
       30 -1.04999996e+00 -4.14328141e-06  0.00000000e+00
       31 -1.04999997e+00 -2.77732458e-06  0.00000000e+00
       32 -1.04999998e+00 -1.86169634e-06  0.00000000e+00
       33 -1.04999999e+00 -1.24793238e-06  0.00000000e+00
       34 -1.04999999e+00 -8.36514089e-07  0.00000000e+00
       35 -1.05000000e+00 -5.60732163e-07  0.00000000e+00
       36 -1.05000000e+00 -3.75870009e-07  0.00000000e+00
       37 -1.05000000e+00 -2.51953202e-07  0.00000000e+00
       38 -1.05000000e+00 -1.68889282e-07  0.00000000e+00
       39 -1.05000000e+00 -1.13209871e-07  0.00000000e+00
       40 -1.05000000e+00 -7.58868461e-08  0.00000000e+00
       41 -1.05000000e+00 -5.08684742e-08  0.00000000e+00
       42 -1.05000000e+00 -3.40981579e-08  0.00000000e+00
       43 -1.05000000e+00 -2.28566788e-08  0.00000000e+00
       44 -1.05000000e+00 -1.53212900e-08  0.00000000e+00
       45 -1.05000000e+00 -1.02701678e-08  0.00000000e+00
       46 -1.05000000e+00 -6.88429936e-09  0.00000000e+00
       47 -1.05000000e+00 -4.61468386e-09  0.00000000e+00
       48 -1.05000000e+00 -3.09331510e-09  0.00000000e+00
       49 -1.05000000e+00 -2.07351112e-09  0.00000000e+00
       50 -1.05000000e+00 -1.38991607e-09  0.00000000e+00
       51 -1.05000000e+00 -9.31688604e-10  0.00000000e+00
       52 -1.05000000e+00 -6.24529548e-10  0.00000000e+00
       53 -1.05000000e+00 -4.18634675e-10  0.00000000e+00
       54 -1.05000000e+00 -2.80619215e-10  0.00000000e+00
       55 -1.05000000e+00 -1.88104685e-10  0.00000000e+00
       56 -1.05000000e+00 -1.26090341e-10  0.00000000e+00
       57 -1.05000000e+00 -8.45208832e-11  0.00000000e+00
       58 -1.05000000e+00 -5.66560423e-11  0.00000000e+00
       59 -1.05000000e+00 -3.79776809e-11  0.00000000e+00
       60 -1.05000000e+00 -2.54572008e-11  0.00000000e+00
       61 -1.05000000e+00 -1.70644720e-11  0.00000000e+00
       62 -1.05000000e+00 -1.14386577e-11  0.00000000e+00
       63 -1.05000000e+00 -7.66756154e-12  0.00000000e+00
       64 -1.05000000e+00 -5.13972020e-12  0.00000000e+00
       65 -1.05000000e+00 -3.44525748e-12  0.00000000e+00
       66 -1.05000000e+00 -2.30942515e-12  0.00000000e+00
       67 -1.05000000e+00 -1.54805398e-12  0.00000000e+00
       68 -1.05000000e+00 -1.03769161e-12  0.00000000e+00
       69 -1.05000000e+00 -6.95585489e-13  0.00000000e+00
       70 -1.05000000e+00 -4.66264897e-13  0.00000000e+00
       71 -1.05000000e+00 -3.12546707e-13  0.00000000e+00
       72 -1.05000000e+00 -2.09506323e-13  0.00000000e+00
       73 -1.05000000e+00 -1.40436288e-13  0.00000000e+00
       74 -1.05000000e+00 -9.41372592e-14  0.00000000e+00
       75 -1.05000000e+00 -6.31020919e-14  0.00000000e+00
       76 -1.05000000e+00 -4.22985972e-14  0.00000000e+00
       77 -1.05000000e+00 -2.83535976e-14  0.00000000e+00
       78 -1.05000000e+00 -1.90059848e-14  0.00000000e+00
       79 -1.05000000e+00 -1.27400926e-14  0.00000000e+00
       80 -1.05000000e+00 -8.53993948e-15  0.00000000e+00
       81 -1.05000000e+00 -5.72449263e-15  0.00000000e+00
       82 -1.05000000e+00 -3.83724216e-15  0.00000000e+00
       83 -1.05000000e+00 -2.57218034e-15  0.00000000e+00
       84 -1.05000000e+00 -1.72418405e-15  0.00000000e+00
       85 -1.05000000e+00 -1.15575513e-15  0.00000000e+00
       86 -1.05000000e+00 -7.74725831e-16  0.00000000e+00
       87 -1.05000000e+00 -5.19314255e-16  0.00000000e+00
       88 -1.05000000e+00 -3.48106755e-16  0.00000000e+00
       89 -1.05000000e+00 -2.33342936e-16  0.00000000e+00
       90 -1.05000000e+00 -1.56414448e-16  0.00000000e+00
       91 -1.05000000e+00 -1.04847740e-16  0.00000000e+00
       92 -1.05000000e+00 -7.02815418e-17  0.00000000e+00
       93 -1.05000000e+00 -4.71111263e-17  0.00000000e+00
       94 -1.05000000e+00 -3.15795324e-17  0.00000000e+00
       95 -1.05000000e+00 -2.11683936e-17  0.00000000e+00
       96 -1.05000000e+00 -1.41895986e-17  0.00000000e+00
       97 -1.05000000e+00 -9.51157236e-18  0.00000000e+00
       98 -1.05000000e+00 -6.37579762e-18  0.00000000e+00
       99 -1.05000000e+00 -4.27382496e-18  0.00000000e+00
      100 -1.05000000e+00 -2.86483054e-18  0.00000000e+00
      101 -1.05000000e+00 -1.92035334e-18  0.00000000e+00
      102 -1.05000000e+00 -1.28725134e-18  0.00000000e+00
      103 -1.05000000e+00 -8.62870377e-19  0.00000000e+00
      104 -1.05000000e+00 -5.78399311e-19  0.00000000e+00
      105 -1.05000000e+00 -3.87712653e-19  0.00000000e+00
      106 -1.05000000e+00 -2.59891563e-19  0.00000000e+00
      107 -1.05000000e+00 -1.74210525e-19  0.00000000e+00
      108 -1.05000000e+00 -1.16776807e-19  0.00000000e+00
      109 -1.05000000e+00 -7.82778346e-20  0.00000000e+00
      110 -1.05000000e+00 -5.24712017e-20  0.00000000e+00
      111 -1.05000000e+00 -3.51724983e-20  0.00000000e+00
      112 -1.05000000e+00 -2.35768307e-20  0.00000000e+00
      113 -1.05000000e+00 -1.58040222e-20  0.00000000e+00
      114 -1.05000000e+00 -1.05937529e-20  0.00000000e+00
      115 -1.05000000e+00 -7.10120494e-21  0.00000000e+00
      116 -1.05000000e+00 -4.76008002e-21  0.00000000e+00
      117 -1.05000000e+00 -3.19077706e-21  0.00000000e+00
      118 -1.05000000e+00 -2.13884183e-21  0.00000000e+00
      119 -1.05000000e+00 -1.43370855e-21  0.00000000e+00
      120 -1.05000000e+00 -9.61043582e-22  0.00000000e+00
      121 -1.05000000e+00 -6.44206778e-22  0.00000000e+00
      122 -1.05000000e+00 -4.31824717e-22  0.00000000e+00
      123 -1.05000000e+00 -2.89460764e-22  0.00000000e+00
      124 -1.05000000e+00 -1.94031353e-22  0.00000000e+00
      125 -1.05000000e+00 -1.30063105e-22  0.00000000e+00
      126 -1.05000000e+00 -8.71839068e-23  0.00000000e+00
      127 -1.05000000e+00 -5.84411204e-23  0.00000000e+00
      128 -1.05000000e+00 -3.91742545e-23  0.00000000e+00
      129 -1.05000000e+00 -2.62592881e-23  0.00000000e+00
      130 -1.05000000e+00 -1.76021272e-23  0.00000000e+00
      131 -1.05000000e+00 -1.17990587e-23  0.00000000e+00
      132 -1.05000000e+00 -7.90914558e-24  0.00000000e+00
      133 -1.05000000e+00 -5.30165883e-24  0.00000000e+00
      134 -1.05000000e+00 -3.55380819e-24  0.00000000e+00
      135 -1.05000000e+00 -2.38218887e-24  0.00000000e+00
      136 -1.05000000e+00 -1.59682895e-24  0.00000000e+00
      137 -1.05000000e+00 -1.07038646e-24  0.00000000e+00
      138 -1.05000000e+00 -7.17501499e-25  0.00000000e+00
      139 -1.05000000e+00 -4.80955638e-25  0.00000000e+00
      140 -1.05000000e+00 -3.22394205e-25  0.00000000e+00
      141 -1.05000000e+00 -2.16107299e-25  0.00000000e+00
      142 -1.05000000e+00 -1.44861054e-25  0.00000000e+00
      143 -1.05000000e+00 -9.71032686e-26  0.00000000e+00
      144 -1.05000000e+00 -6.50902675e-26  0.00000000e+00
      145 -1.05000000e+00 -4.36313111e-26  0.00000000e+00
      146 -1.05000000e+00 -2.92469425e-26  0.00000000e+00
      147 -1.05000000e+00 -1.96048118e-26  0.00000000e+00
      148 -1.05000000e+00 -1.31414984e-26  0.00000000e+00
      149 -1.05000000e+00 -8.80900979e-27  0.00000000e+00
      150 -1.05000000e+00 -5.90485585e-27  0.00000000e+00
      151 -1.05000000e+00 -3.95814324e-27  0.00000000e+00
      152 -1.05000000e+00 -2.65322276e-27  0.00000000e+00
      153 -1.05000000e+00 -1.77850840e-27  0.00000000e+00
      154 -1.05000000e+00 -1.19216983e-27  0.00000000e+00
      155 -1.05000000e+00 -7.99135339e-28  0.00000000e+00
      156 -1.05000000e+00 -5.35676437e-28  0.00000000e+00
      157 -1.05000000e+00 -3.59074654e-28  0.00000000e+00
      158 -1.05000000e+00 -2.40694939e-28  0.00000000e+00
      159 -1.05000000e+00 -1.61342642e-28  0.00000000e+00
      160 -1.05000000e+00 -1.08151207e-28  0.00000000e+00
      161 -1.05000000e+00 -7.24959223e-29  0.00000000e+00
      162 -1.05000000e+00 -4.85954700e-29  0.00000000e+00
      163 -1.05000000e+00 -3.25745177e-29  0.00000000e+00
      164 -1.05000000e+00 -2.18353522e-29  0.00000000e+00
      165 -1.05000000e+00 -1.46366743e-29  0.00000000e+00
      166 -1.05000000e+00 -9.81125618e-30  0.00000000e+00
      167 -1.05000000e+00 -6.57668169e-30  0.00000000e+00
      168 -1.05000000e+00 -4.40848158e-30  0.00000000e+00
      169 -1.05000000e+00 -2.95509357e-30  0.00000000e+00
      170 -1.05000000e+00 -1.98085846e-30  0.00000000e+00
      171 -1.05000000e+00 -1.32780913e-30  0.00000000e+00
      172 -1.05000000e+00 -8.90057080e-31  0.00000000e+00
      173 -1.05000000e+00 -5.96623103e-31  0.00000000e+00
      174 -1.05000000e+00 -3.99928426e-31  0.00000000e+00
      175 -1.05000000e+00 -2.68080041e-31  0.00000000e+00
      176 -1.05000000e+00 -1.79699425e-31  0.00000000e+00
      177 -1.05000000e+00 -1.20456127e-31  0.00000000e+00
      178 -1.05000000e+00 -8.07441566e-32  0.00000000e+00
      179 -1.05000000e+00 -5.41244268e-32  0.00000000e+00
      180 -1.05000000e+00 -3.62806882e-32  0.00000000e+00
