# 负荷勒夫数：Wang et al. (2012) PREM-LLNs-complete.dat 的 h、k 列
# 列：l  h_l  k_l  (保留列)
    0  0.00000000e+00  0.00000000e+00  0.00000000e+00
    1 -2.85667590e-01  0.00000000e+00  0.00000000e+00
    2 -9.90799490e-01 -3.05161040e-01  0.00000000e+00
    3 -1.04996310e+00 -1.95857330e-01  0.00000000e+00
    4 -1.05264770e+00 -1.33522840e-01  0.00000000e+00
    5 -1.08559180e+00 -1.04565310e-01  0.00000000e+00
    6 -1.14311630e+00 -9.01848410e-02  0.00000000e+00
    7 -1.21162730e+00 -8.19067870e-02  0.00000000e+00
    8 -1.28311570e+00 -7.63791410e-02  0.00000000e+00
    9 -1.35385540e+00 -7.22501830e-02  0.00000000e+00
   10 -1.42235160e+00 -6.89341450e-02  0.00000000e+00
   11 -1.48811170e+00 -6.61479920e-02  0.00000000e+00
   12 -1.55104280e+00 -6.37362530e-02  0.00000000e+00
   13 -1.61118950e+00 -6.16028700e-02  0.00000000e+00
   14 -1.66863290e+00 -5.96831590e-02  0.00000000e+00
   15 -1.72345690e+00 -5.79311800e-02  0.00000000e+00
   16 -1.77574180e+00 -5.63132940e-02  0.00000000e+00
   17 -1.82556460e+00 -5.48044520e-02  0.00000000e+00
   18 -1.87300190e+00 -5.33858070e-02  0.00000000e+00
   19 -1.91813210e+00 -5.20430880e-02  0.00000000e+00
   20 -1.96103660e+00 -5.07654230e-02  0.00000000e+00
   21 -2.00180000e+00 -4.95444870e-02  0.00000000e+00
   22 -2.04051010e+00 -4.83738660e-02  0.00000000e+00
   23 -2.07725710e+00 -4.72485750e-02  0.00000000e+00
   24 -2.11213280e+00 -4.61647080e-02  0.00000000e+00
   25 -2.14522960e+00 -4.51191600e-02  0.00000000e+00
   26 -2.17663980e+00 -4.41094310e-02  0.00000000e+00
   27 -2.20645460e+00 -4.31334640e-02  0.00000000e+00
   28 -2.23476340e+00 -4.21895400e-02  0.00000000e+00
   29 -2.26165310e+00 -4.12761840e-02  0.00000000e+00
   30 -2.28720800e+00 -4.03921050e-02  0.00000000e+00
   31 -2.31150880e+00 -3.95361480e-02  0.00000000e+00
   32 -2.33463280e+00 -3.87072600e-02  0.00000000e+00
   33 -2.35665360e+00 -3.79044630e-02  0.00000000e+00
   34 -2.37764090e+00 -3.71268370e-02  0.00000000e+00
   35 -2.39766050e+00 -3.63735100e-02  0.00000000e+00
   36 -2.41677460e+00 -3.56436440e-02  0.00000000e+00
   37 -2.43504140e+00 -3.49364320e-02  0.00000000e+00
   38 -2.45251560e+00 -3.42510940e-02  0.00000000e+00
   39 -2.46924840e+00 -3.35868730e-02  0.00000000e+00
   40 -2.48528760e+00 -3.29430350e-02  0.00000000e+00
   41 -2.50067790e+00 -3.23188660e-02  0.00000000e+00
   42 -2.51546090e+00 -3.17136750e-02  0.00000000e+00
   43 -2.52967550e+00 -3.11267890e-02  0.00000000e+00
   44 -2.54335770e+00 -3.05575570e-02  0.00000000e+00
   45 -2.55654120e+00 -3.00053470e-02  0.00000000e+00
   46 -2.56925740e+00 -2.94695470e-02  0.00000000e+00
   47 -2.58153530e+00 -2.89495680e-02  0.00000000e+00
   48 -2.59340220e+00 -2.84448380e-02  0.00000000e+00
   49 -2.60488330e+00 -2.79548060e-02  0.00000000e+00
   50 -2.61600210e+00 -2.74789400e-02  0.00000000e+00
   51 -2.62678050e+00 -2.70167290e-02  0.00000000e+00
   52 -2.63723890e+00 -2.65676790e-02  0.00000000e+00
   53 -2.64739640e+00 -2.61313170e-02  0.00000000e+00
   54 -2.65727060e+00 -2.57071850e-02  0.00000000e+00
   55 -2.66687810e+00 -2.52948460e-02  0.00000000e+00
   56 -2.67623450e+00 -2.48938770e-02  0.00000000e+00
   57 -2.68535400e+00 -2.45038740e-02  0.00000000e+00
   58 -2.69425030e+00 -2.41244490e-02  0.00000000e+00
   59 -2.70293580e+00 -2.37552280e-02  0.00000000e+00
   60 -2.71142250e+00 -2.33958520e-02  0.00000000e+00
   61 -2.71972140e+00 -2.30459800e-02  0.00000000e+00
   62 -2.72784280e+00 -2.27052800e-02  0.00000000e+00
   63 -2.73579650e+00 -2.23734370e-02  0.00000000e+00
   64 -2.74359160e+00 -2.20501470e-02  0.00000000e+00
   65 -2.75123660e+00 -2.17351190e-02  0.00000000e+00
   66 -2.75873970e+00 -2.14280730e-02  0.00000000e+00
   67 -2.76610830e+00 -2.11287420e-02  0.00000000e+00
   68 -2.77334960e+00 -2.08368690e-02  0.00000000e+00
   69 -2.78047030e+00 -2.05522060e-02  0.00000000e+00
   70 -2.78747670e+00 -2.02745160e-02  0.00000000e+00
   71 -2.79437480e+00 -2.00035720e-02  0.00000000e+00
   72 -2.80117020e+00 -1.97391560e-02  0.00000000e+00
   73 -2.80786820e+00 -1.94810580e-02  0.00000000e+00
   74 -2.81447380e+00 -1.92290760e-02  0.00000000e+00
   75 -2.82099180e+00 -1.89830170e-02  0.00000000e+00
   76 -2.82742660e+00 -1.87426950e-02  0.00000000e+00
   77 -2.83378240e+00 -1.85079310e-02  0.00000000e+00
   78 -2.84006330e+00 -1.82785530e-02  0.00000000e+00
   79 -2.84627300e+00 -1.80543950e-02  0.00000000e+00
   80 -2.85241520e+00 -1.78353000e-02  0.00000000e+00
   81 -2.85849320e+00 -1.76211130e-02  0.00000000e+00
   82 -2.86451030e+00 -1.74116880e-02  0.00000000e+00
   83 -2.87046960e+00 -1.72068820e-02  0.00000000e+00
   84 -2.87637390e+00 -1.70065600e-02  0.00000000e+00
   85 -2.88222600e+00 -1.68105900e-02  0.00000000e+00
   86 -2.88802850e+00 -1.66188450e-02  0.00000000e+00
   87 -2.89378390e+00 -1.64312030e-02  0.00000000e+00
   88 -2.89949450e+00 -1.62475470e-02  0.00000000e+00
   89 -2.90516270e+00 -1.60677620e-02  0.00000000e+00
   90 -2.91079050e+00 -1.58917410e-02  0.00000000e+00
   91 -2.91637990e+00 -1.57193760e-02  0.00000000e+00
   92 -2.92193300e+00 -1.55505670e-02  0.00000000e+00
   93 -2.92745140e+00 -1.53852150e-02  0.00000000e+00
   94 -2.93293700e+00 -1.52232250e-02  0.00000000e+00
   95 -2.93839130e+00 -1.50645060e-02  0.00000000e+00
   96 -2.94381610e+00 -1.49089680e-02  0.00000000e+00
   97 -2.94921270e+00 -1.47565260e-02  0.00000000e+00
   98 -2.95458260e+00 -1.46070990e-02  0.00000000e+00
   99 -2.95992720e+00 -1.44606040e-02  0.00000000e+00
  100 -2.96524760e+00 -1.43169670e-02  0.00000000e+00
  101 -2.97054530e+00 -1.41761110e-02  0.00000000e+00
  102 -2.97582130e+00 -1.40379650e-02  0.00000000e+00
  103 -2.98107670e+00 -1.39024580e-02  0.00000000e+00
  104 -2.98631250e+00 -1.37695230e-02  0.00000000e+00
  105 -2.99152990e+00 -1.36390940e-02  0.00000000e+00
  106 -2.99672980e+00 -1.35111080e-02  0.00000000e+00
  107 -3.00191290e+00 -1.33855030e-02  0.00000000e+00
  108 -3.00708030e+00 -1.32622200e-02  0.00000000e+00
  109 -3.01223280e+00 -1.31412010e-02  0.00000000e+00
  110 -3.01737100e+00 -1.30223900e-02  0.00000000e+00
  111 -3.02249580e+00 -1.29057340e-02  0.00000000e+00
  112 -3.02760790e+00 -1.27911790e-02  0.00000000e+00
  113 -3.03270800e+00 -1.26786750e-02  0.00000000e+00
  114 -3.03779660e+00 -1.25681720e-02  0.00000000e+00
  115 -3.04287440e+00 -1.24596220e-02  0.00000000e+00
  116 -3.04794200e+00 -1.23529790e-02  0.00000000e+00
  117 -3.05299990e+00 -1.22481980e-02  0.00000000e+00
  118 -3.05804860e+00 -1.21452350e-02  0.00000000e+00
  119 -3.06308870e+00 -1.20440480e-02  0.00000000e+00
  120 -3.06812050e+00 -1.19445940e-02  0.00000000e+00
  121 -3.07314460e+00 -1.18468350e-02  0.00000000e+00
  122 -3.07816140e+00 -1.17507320e-02  0.00000000e+00
  123 -3.08317130e+00 -1.16562450e-02  0.00000000e+00
  124 -3.08817470e+00 -1.15633400e-02  0.00000000e+00
  125 -3.09317180e+00 -1.14719800e-02  0.00000000e+00
  126 -3.09816320e+00 -1.13821300e-02  0.00000000e+00
  127 -3.10314900e+00 -1.12937570e-02  0.00000000e+00
  128 -3.10812960e+00 -1.12068280e-02  0.00000000e+00
  129 -3.11310540e+00 -1.11213110e-02  0.00000000e+00
  130 -3.11807650e+00 -1.10371750e-02  0.00000000e+00
  131 -3.12304330e+00 -1.09543910e-02  0.00000000e+00
  132 -3.12800590e+00 -1.08729280e-02  0.00000000e+00
  133 -3.13296470e+00 -1.07927580e-02  0.00000000e+00
  134 -3.13791990e+00 -1.07138530e-02  0.00000000e+00
  135 -3.14287160e+00 -1.06361870e-02  0.00000000e+00
  136 -3.14782010e+00 -1.05597330e-02  0.00000000e+00
  137 -3.15276560e+00 -1.04844660e-02  0.00000000e+00
  138 -3.15770820e+00 -1.04103600e-02  0.00000000e+00
  139 -3.16264810e+00 -1.03373920e-02  0.00000000e+00
  140 -3.16758550e+00 -1.02655370e-02  0.00000000e+00
  141 -3.17252050e+00 -1.01947730e-02  0.00000000e+00
  142 -3.17745330e+00 -1.01250780e-02  0.00000000e+00
  143 -3.18238400e+00 -1.00564290e-02  0.00000000e+00
  144 -3.18731270e+00 -9.98880450e-03  0.00000000e+00
  145 -3.19223960e+00 -9.92218500e-03  0.00000000e+00
  146 -3.19716480e+00 -9.85654960e-03  0.00000000e+00
  147 -3.20208830e+00 -9.79187880e-03  0.00000000e+00
  148 -3.20701020e+00 -9.72815320e-03  0.00000000e+00
  149 -3.21193080e+00 -9.66535420e-03  0.00000000e+00
  150 -3.21685000e+00 -9.60346350e-03  0.00000000e+00
  151 -3.22176790e+00 -9.54246330e-03  0.00000000e+00
  152 -3.22668470e+00 -9.48233620e-03  0.00000000e+00
  153 -3.23160030e+00 -9.42306520e-03  0.00000000e+00
  154 -3.23651490e+00 -9.36463380e-03  0.00000000e+00
  155 -3.24142840e+00 -9.30702590e-03  0.00000000e+00
  156 -3.24634110e+00 -9.25022570e-03  0.00000000e+00
  157 -3.25125290e+00 -9.19421780e-03  0.00000000e+00
  158 -3.25616390e+00 -9.13898730e-03  0.00000000e+00
  159 -3.26107410e+00 -9.08451940e-03  0.00000000e+00
  160 -3.26598350e+00 -9.03080000e-03  0.00000000e+00
  161 -3.27089230e+00 -8.97781490e-03  0.00000000e+00
  162 -3.27580040e+00 -8.92555060e-03  0.00000000e+00
  163 -3.28070790e+00 -8.87399380e-03  0.00000000e+00
  164 -3.28561480e+00 -8.82313140e-03  0.00000000e+00
  165 -3.29052110e+00 -8.77295070e-03  0.00000000e+00
  166 -3.29542690e+00 -8.72343940e-03  0.00000000e+00
  167 -3.30033220e+00 -8.67458520e-03  0.00000000e+00
  168 -3.30523700e+00 -8.62637630e-03  0.00000000e+00
  169 -3.31014140e+00 -8.57880120e-03  0.00000000e+00
  170 -3.31504520e+00 -8.53184840e-03  0.00000000e+00
  171 -3.31994860e+00 -8.48550700e-03  0.00000000e+00
  172 -3.32485160e+00 -8.43976610e-03  0.00000000e+00
  173 -3.32975410e+00 -8.39461500e-03  0.00000000e+00
  174 -3.33465630e+00 -8.35004350e-03  0.00000000e+00
  175 -3.33955800e+00 -8.30604150e-03  0.00000000e+00
  176 -3.34445930e+00 -8.26259900e-03  0.00000000e+00
  177 -3.34936020e+00 -8.21970630e-03  0.00000000e+00
  178 -3.35426070e+00 -8.17735390e-03  0.00000000e+00
  179 -3.35916090e+00 -8.13553270e-03  0.00000000e+00
  180 -3.36406060e+00 -8.09423350e-03  0.00000000e+00
